               #Plep, GeV                       H                        O H 2 O 1                  
  8.99999999999999828E-002  1.87365821471234623E-006  1.54115185198946143E-006  3.32506362722884694E-007

  9.59327799294895645E-002  5.03930113008244748E-006  3.06204842558335316E-006  1.97725270449909433E-006

  0.10225664738888753       7.52144403825682672E-006  4.32854076173115893E-006  3.19290327652566821E-006

  0.10899738278095070       8.02364820776393287E-006  4.34961515809246293E-006  3.67403304967147036E-006

  0.11618246594683646       8.51806903630881692E-006  4.34555034076644561E-006  4.17251869554237046E-006

  0.12384118819270311       8.97566162071356300E-006  4.31236502398592291E-006  4.66329659672764009E-006

  0.13200477170107877       9.36961984558520652E-006  4.24992195464451370E-006  5.11969789094069367E-006

  0.14070649681380115       9.68190935915273123E-006  4.16161589539489084E-006  5.52029346375783954E-006

  0.14998183770542015       9.90704611158291225E-006  4.05185212979073787E-006  5.85519398179217523E-006

  0.15986860700016103       1.00465275696960881E-005  3.92582684596165137E-006  6.12070072373443589E-006

  0.17040710992200564       1.01004827831928296E-005  3.78700119328269630E-006  6.31348158991013331E-006

  0.18164030860631231       1.00709871851546938E-005  3.63818370163414161E-006  6.43280348352055139E-006

  0.19361399724282147       9.96584399302828769E-006  3.48255918851168508E-006  6.48328480451660261E-006

  0.20637698876404884       9.79739177975527422E-006  3.32314723028908092E-006  6.47424454946619203E-006

  0.21998131384013603       9.57958310891057044E-006  3.16298453871905735E-006  6.41659857019151352E-006

  0.23448243299139723       9.32541461279798865E-006  3.00451552860515400E-006  6.32089908419283338E-006

  0.24993946268327771       9.04575904804764090E-006  2.84948345906900674E-006  6.19627558897863247E-006

  0.26641541632544175       8.74803416794201149E-006  2.69865537977648327E-006  6.04937878816552694E-006

  0.28397746115746608       8.43599788071044394E-006  2.55182347200620228E-006  5.88417440870424082E-006

  0.30269719206838192       8.11029896216168454E-006  2.40808295571060386E-006  5.70221600645107983E-006

  0.32265092346633911       7.77017782500282240E-006  2.26626157710279853E-006  5.50391624790002259E-006

  0.34392000038825443       7.41693537335870106E-006  2.12622555004193428E-006  5.29070982331676721E-006

  0.36659113011773764       7.05388442133219579E-006  1.98862829113361281E-006  5.06525613019858382E-006

  0.39075673566319785       6.68620291263556017E-006  1.85491432680459183E-006  4.83128858583096834E-006

  0.41651533253714768       6.31778286212480075E-006  1.72618299961340934E-006  4.59159986251139184E-006

  0.44397193037271510       5.94946352809365326E-006  1.60236830279536616E-006  4.34709522529828710E-006

  0.47323846101462608       5.58229046278849643E-006  1.48322343572502424E-006  4.09906702706347177E-006

  0.50443423482984961       5.21812345298632499E-006  1.36873771317884532E-006  3.84938573980747988E-006

  0.53768642709813808       4.86088087144086887E-006  1.25946802730751502E-006  3.60141284413335385E-006

  0.57313059646532472       4.51426959267909336E-006  1.15617999841586513E-006  3.35808959426322844E-006

  0.61091123757294552       4.17903405767695584E-006  1.05886834762015643E-006  3.12016571005680004E-006

  0.65118237011708346       3.85416138519763681E-006  9.66734374565264221E-007  2.88742701063237280E-006

  0.69410816673784004       3.54082247969125719E-006  8.79737571066681866E-007  2.66108490862457554E-006

  0.73986362229914082       3.24049836407109119E-006  7.97838297659824497E-007  2.44266006641126680E-006

  0.78863526728731637       2.95578728346784114E-006  7.21468225138957695E-007  2.23431905832888324E-006

  0.84062192823675908       2.68782835385365098E-006  6.50752921980506369E-007  2.03707543187314430E-006

  0.89603553828266880       2.43566731837865937E-006  5.85245408362877909E-007  1.85042191001578167E-006

  0.95510200114525567       2.19944580166721514E-006  5.24674244462167740E-007  1.67477155720504729E-006

   1.0180621120675879       1.97981519677935432E-006  4.69032303800740533E-007  1.51078289297861400E-006

   1.0851725394614586       1.77721635943815855E-006  4.18292371088705731E-007  1.35892398834945298E-006

   1.1567068712631274       1.59100012892850072E-006  3.72155389386093308E-007  1.21884473954240735E-006

   1.2329567302646005       1.42036235612315056E-006  3.30347257412959418E-007  1.09001509871019104E-006

   1.3142329629672995       1.26373856295195829E-006  2.92337821579828271E-007  9.71400741372130126E-007

   1.4008669068046999       1.12054657009558985E-006  2.57911440021700872E-007  8.62635130073888977E-007

   1.4932117409000008       9.90079987382409953E-007  2.26783190068923231E-007  7.63296797313486669E-007

   1.5916439258654420       8.72069616746136801E-007  1.98838728718816025E-007  6.73230888027320617E-007

   1.6965647385128699       7.65991322787537588E-007  1.73888956652897842E-007  5.92102366134639826E-007

   1.8084019077320799       6.70864503292605298E-007  1.51665510845163518E-007  5.19198992447441753E-007

   1.9276113582058971       5.86576807903692212E-007  1.32053115162292140E-007  4.54523692741400125E-007

   2.0546790690705650       5.13402193357768128E-007  1.15102065540090830E-007  3.98300127817677218E-007

   2.1901230550986117       4.49777326134235329E-007  1.00491721318532779E-007  3.49285604815702589E-007

   2.3344954784808496       3.92251328476862802E-007  8.73868421933500763E-008  3.04864486283512686E-007

   2.4883848998165763       3.39841106833630920E-007  7.55153275036936146E-008  2.64325779329937359E-007

   2.6524186774885399       2.92122889531985073E-007  6.47456313450961659E-008  2.27377258186888921E-007

   2.8272655252041767       2.49909280369156468E-007  5.52308185202974738E-008  1.94678461848858961E-007

   3.0136382381293898       2.13721198507232540E-007  4.71004253645065185E-008  1.66620773142726048E-007

   3.2122965987284609       1.82290447640690805E-007  4.00830612916231324E-008  1.42207386349067699E-007

   3.4240504741562816       1.54718832811091165E-007  3.39397373143363193E-008  1.20779095496754859E-007

   3.6497631178299894       1.31329025785563722E-007  2.87321979652081141E-008  1.02596827820355601E-007

   3.8903546886394671       1.12123478508589026E-007  2.44638657641066713E-008  8.76596127444823515E-008

   4.1468060021434221       9.64376684197276355E-008  2.09874278747334277E-008  7.54502405449942077E-008

   4.4201625290434601       8.35840981640913657E-008  1.81521867637508604E-008  6.54319114003405086E-008

   4.7115386572366935       7.23681358844172128E-008  1.56912944890180500E-008  5.66768413953991661E-008

   5.0221222348218948       6.23403952667783649E-008  1.35003248856229684E-008  4.88400703811553981E-008

   5.3531794125796139       5.31133219022521173E-008  1.14901594578619408E-008  4.16231624443901781E-008

   5.7060598056674943       4.47229383825320793E-008  9.66484121158264436E-009  3.50580971709494432E-008

   6.0822019955733984       3.72613067878137010E-008  8.04363819632808694E-009  2.92176685914856158E-008

   6.4831393947560576       3.07743385267436940E-008  6.63564079950254547E-009  2.41386977272411486E-008

   6.9105064978815243       2.52737745464173239E-008  5.44307387935652733E-009  1.98307006670607974E-008

   7.3660455451397340       2.06483860454870966E-008  4.44198287293754186E-009  1.62064031725495539E-008

   7.8516136248054123       1.68097469081195851E-008  3.61212627622140462E-009  1.31976206318981804E-008

   8.3691902439982169       1.36236178967605894E-008  2.92441655668218239E-009  1.06992013400784078E-008

   8.9208853985056926       1.10219526321230719E-008  2.36339069481505765E-009  8.65856193730801379E-009

   9.5089481745671502       8.91279675543564769E-009  1.90899855735982159E-009  7.00379819807582527E-009

   10.135775917685249       7.23151581573443788E-009  1.54735453430602077E-009  5.68416128142841794E-009

   10.803924005843543       5.86411516781636685E-009  1.25354946291587965E-009  4.61056570490048720E-009

   11.516116266972423       4.76252649086943214E-009  1.01721293845901661E-009  3.74531355241041553E-009

   12.275256083132007       3.86757672545572336E-009  8.25335850288838634E-010  3.04224087516688524E-009

   13.084438226680346       3.14373705725461058E-009  6.70384925848088464E-010  2.47335213140652191E-009

   13.946961476679185       2.55584820643526113E-009  5.44601594992009779E-010  2.01124661144325155E-009

   14.866342066970370       2.07713740002989195E-009  4.42316815114667092E-010  1.63482058491522471E-009

   15.846328020746466       1.68914632194368569E-009  3.59459449693784094E-010  1.32968687224990180E-009

   16.890914430053055       1.37142147756138634E-009  2.91679506234740656E-010  1.07974197132664563E-009

   18.004359742512442       1.11406347340988822E-009  2.36810430442082630E-010  8.77253042967805588E-010

   19.191203121664532       9.03527439227677336E-010  1.91954931322325456E-010  7.11572507905351905E-010

   20.456282951697524       7.33856838423326930E-010  1.55831927475182563E-010  5.78024910948144392E-010

   21.804756562006311       5.95210688978032341E-010  1.26328946949151487E-010  4.68881742028880828E-010

   23.242121251989396       4.83153557157716393E-010  1.02503865325305652E-010  3.80649691832410754E-010

   24.774236701795683       3.91365601867915227E-010  8.29945689600773266E-011  3.08371032907837926E-010

   26.407348860382768       3.17112590951497238E-010  6.72226174464842097E-011  2.49889973505013002E-010

   28.148115408270641       2.57544152830878461E-010  5.45719450128105238E-011  2.02972207818067938E-010

   30.003632898794471       2.09320205282237375E-010  4.43394910529623801E-011  1.64980714229274995E-010

   31.981465688502709       1.70196017997811596E-010  3.60401736386518260E-011  1.34155844359159764E-010

   34.089676774640580       1.37835601102152281E-010  2.91800934200164835E-011  1.08655507682135811E-010

   36.336860665433640       1.11302123091734599E-010  2.35564259988090172E-011  8.77456970929255846E-011

   38.732178417173017       8.98073329123949198E-011  1.90015082973632525E-011  7.08058246150316803E-011

   41.285394980937618       7.27364991172063366E-011  1.53859481404417374E-011  5.73505509767645959E-011

   44.006919011203777       5.85571328829448139E-011  1.23840148380973890E-011  4.61731180448474297E-011

   46.907845298629816       4.69424443910717782E-011  9.92571828416626065E-012  3.70167261069055159E-011

   49.999999999999964       3.75381430603456250E-011  7.93540181046905685E-012  2.96027412498765730E-011

