               #Plep, GeV                       H                        ClH 1 Cl 1                 
  8.99999999999999828E-002  5.19690656288750634E-007  3.74874774808247389E-007  1.44815881480503298E-007

  9.59327799294895645E-002  2.14931756642597911E-006  7.44822590006761699E-007  1.40449497641921762E-006

  0.10225664738888753       3.54073668212364618E-006  1.05288829339406567E-006  2.48784838872957987E-006

  0.10899738278095070       3.97892283804685805E-006  1.05801449791438291E-006  2.92090834013247472E-006

  0.11618246594683646       4.44105396663694147E-006  1.05702575856481115E-006  3.38402820807213074E-006

  0.12384118819270311       4.90760113390607878E-006  1.04895365448306252E-006  3.85864747942301647E-006

  0.13200477170107877       5.35679749843924517E-006  1.03376479977839538E-006  4.32303269866085063E-006

  0.14070649681380115       5.76678979087587782E-006  1.01228494752848710E-006  4.75450484334739093E-006

  0.14998183770542015       6.11731532811030019E-006  9.85585653192341575E-007  5.13172967491795946E-006

  0.15986860700016103       6.39955773970638123E-006  9.54930854423104461E-007  5.44462688528327613E-006

  0.17040710992200564       6.60968637335566831E-006  9.21162452420115344E-007  5.68852392093555318E-006

  0.18164030860631231       6.74681063536198977E-006  8.84963603100196690E-007  5.86184703226179318E-006

  0.19361399724282147       6.81341362437800300E-006  8.47108991800139733E-007  5.96630463257786348E-006

  0.20637698876404884       6.81650338259994038E-006  8.08333110070317067E-007  6.00817027252962268E-006

  0.21998131384013603       6.76686832957231068E-006  7.69374617526257156E-007  5.99749371204605384E-006

  0.23448243299139723       6.67573726107040268E-006  7.30828101552605069E-007  5.94490915951779750E-006

  0.24993946268327771       6.55276649304568692E-006  6.93117598151920624E-007  5.85964889489376661E-006

  0.26641541632544175       6.40503847259475381E-006  6.56429686972658185E-007  5.74860878562209605E-006

  0.28397746115746608       6.23685621970913943E-006  6.20713817515022270E-007  5.61614240219411684E-006

  0.30269719206838192       6.04988032438027510E-006  5.85749908145822596E-007  5.46413041623445292E-006

  0.32265092346633911       5.84461082285702242E-006  5.51252816052032030E-007  5.29335800680498997E-006

  0.34392000038825443       5.62267332098539849E-006  5.17189998658848941E-007  5.10548332232654976E-006

  0.36659113011773764       5.38706833771956071E-006  4.83720395140608525E-007  4.90334794257895271E-006

  0.39075673566319785       5.14193508079758067E-006  4.51195376790306117E-007  4.69073970400727503E-006

  0.41651533253714768       4.89045958133489802E-006  4.19882351257315828E-007  4.47057723007758293E-006

  0.44397193037271510       4.63362264781675795E-006  3.89765262842116127E-007  4.24385738497464156E-006

  0.47323846101462608       4.37275851175925390E-006  3.60784078960141070E-007  4.01197443279911320E-006

  0.50443423482984961       4.10974262151465059E-006  3.32936200502962442E-007  3.77680642101168851E-006

  0.53768642709813808       3.84807699562850621E-006  3.06357087723449589E-007  3.54171990790505620E-006

  0.57313059646532472       3.59087658874500401E-006  2.81232972587642890E-007  3.30964361615736080E-006

  0.61091123757294552       3.33902979987028942E-006  2.57562571042740747E-007  3.08146722882754883E-006

  0.65118237011708346       3.09227477027598724E-006  2.35151604623983212E-007  2.85712316565200424E-006

  0.69410816673784004       2.85196640534937057E-006  2.13990219989192895E-007  2.63797618536017735E-006

  0.73986362229914082       2.61973250848889753E-006  1.94068775106443818E-007  2.42566373338245355E-006

  0.78863526728731637       2.39790974165738102E-006  1.75492270979746487E-007  2.22241747067763456E-006

  0.84062192823675908       2.18763599655808391E-006  1.58291251292555606E-007  2.02934474526552809E-006

  0.89603553828266880       1.98843673407082714E-006  1.42356991223402745E-007  1.84607974284742426E-006

  0.95510200114525567       1.80077724694460820E-006  1.27623464869175943E-007  1.67315378207543207E-006

   1.0180621120675879       1.62540233663921483E-006  1.14088938762342289E-007  1.51131339787687247E-006

   1.0851725394614586       1.46284602793750198E-006  1.01746792967523031E-007  1.36109923496997910E-006

   1.1567068712631274       1.31275182566922400E-006  9.05242839047253983E-008  1.22222754176449846E-006

   1.2329567302646005       1.17458871184260124E-006  8.03547382896387835E-008  1.09423397355296231E-006

   1.3142329629672995       1.04727961329250098E-006  7.11091998437420114E-008  9.76170413448759116E-007

   1.4008669068046999       9.30450775807764794E-007  6.27352151404137349E-008  8.67715560667351085E-007

   1.4932117409000008       8.23672586534636741E-007  5.51634786654137665E-008  7.68509107869223021E-007

   1.5916439258654420       7.26794628390304171E-007  4.83661772559282303E-008  6.78428451134375967E-007

   1.6965647385128699       6.39475883546028196E-007  4.22973137804346132E-008  5.97178569765593537E-007

   1.8084019077320799       5.60967099031215902E-007  3.68916107461208550E-008  5.24075488285094994E-007

   1.9276113582058971       4.91288392578667913E-007  3.21210280124494413E-008  4.59167364566218465E-007

   2.0546790690705650       4.30683658277225755E-007  2.79977997259680426E-008  4.02685858551257696E-007

   2.1901230550986117       3.77803799325709816E-007  2.44439322126160845E-008  3.53359867113093751E-007

   2.3344954784808496       3.29852609167176610E-007  2.12562589118959690E-008  3.08596350255280634E-007

   2.4883848998165763       2.86067685574256561E-007  1.83685931765741226E-008  2.67699092397682429E-007

   2.6524186774885399       2.46148388262632670E-007  1.57489373542125794E-008  2.30399450908420060E-007

   2.8272655252041767       2.10812779274616117E-007  1.34345234238561431E-008  1.97378255850759979E-007

   3.0136382381293898       1.80479336575301878E-007  1.14568602237988843E-008  1.69022476351502999E-007

   3.2122965987284609       1.54071829737316181E-007  9.74993382769211435E-009  1.44321895909624079E-007

   3.4240504741562816       1.30889019371496651E-007  8.25561177916288853E-009  1.22633407592333771E-007

   3.6497631178299894       1.11215533315532658E-007  6.98891301856413670E-009  1.04226620296968529E-007

   3.8903546886394671       9.50492442348302940E-008  5.95067005072865069E-009  8.90985741841016441E-008

   4.1468060021434221       8.18322109703454548E-008  5.10505002358380710E-009  7.67271609467616345E-008

   4.4201625290434601       7.09807959132274898E-008  4.41539678037183051E-009  6.65653991328556675E-008

   4.7115386572366935       6.14939082506763220E-008  3.81680136219358016E-009  5.76771068884827444E-008

   5.0221222348218948       5.29981612383284403E-008  3.28386281001639780E-009  4.97142984283120433E-008

   5.3531794125796139       4.51724037102183147E-008  2.79490365191236409E-009  4.23775000583059465E-008

   5.7060598056674943       3.80521445836266400E-008  2.35090732173631885E-009  3.57012372618903146E-008

   6.0822019955733984       3.17168703304275299E-008  1.95656064235007561E-009  2.97603096880774563E-008

   6.4831393947560576       2.62068549973898790E-008  1.61407478906818686E-009  2.45927802083216950E-008

   6.9105064978815243       2.15325447682991522E-008  1.32399094362726344E-009  2.02085538246718885E-008

   7.3660455451397340       1.75994365220474995E-008  1.08048232044426689E-009  1.65189542016032307E-008

   7.8516136248054123       1.43337656323303237E-008  8.78625310432233601E-010  1.34551403218980901E-008

   8.3691902439982169       1.16216332036889595E-008  7.11344567841612021E-010  1.09102886358473466E-008

   8.9208853985056926       9.40615038581699408E-009  5.74878817657716810E-010  8.83127156815927748E-009

   9.5089481745671502       7.60944489922053949E-009  4.64351000438875576E-010  7.14509389878166365E-009

   10.135775917685249       6.17635435819899254E-009  3.76383535371734788E-010  5.79997082282725796E-009

   10.803924005843543       5.01032969412258056E-009  3.04917436925484267E-010  4.70541225719709718E-009

   11.516116266972423       4.07042459820424043E-009  2.47430174219760798E-010  3.82299442398447947E-009

   12.275256083132007       3.30664349060144230E-009  2.00757368989176975E-010  3.10588612161226559E-009

   13.084438226680346       2.68853289969349041E-009  1.63066603584670175E-010  2.52546629610882000E-009

   13.946961476679185       2.18640474678778066E-009  1.32470658241299662E-010  2.05393408854648110E-009

   14.866342066970370       1.77732396271599634E-009  1.07590576649513626E-010  1.66973338606648258E-009

   15.846328020746466       1.44569528831618803E-009  8.74360823579474795E-011  1.35825920595824045E-009

   16.890914430053055       1.17402080624811402E-009  7.09490690841261134E-011  1.10307173716398779E-009

   18.004359742512442       9.53910839051341179E-010  5.76025371345606474E-011  8.96308301916780609E-010

   19.191203121664532       7.73799977421145812E-010  4.66917400513764644E-011  7.27108237369769347E-010

   20.456282951697524       6.28607412650384295E-010  3.79050634399092754E-011  5.90702349210475091E-010

   21.804756562006311       5.09942041334929703E-010  3.07286627714152267E-011  4.79213378563514534E-010

   23.242121251989396       4.14002344322998960E-010  2.49333726466959708E-011  3.89068971676302960E-010

   24.774236701795683       3.35406817075181205E-010  2.01878681254242142E-011  3.15218948949756952E-010

   26.407348860382768       2.71810412809436834E-010  1.63514474869826481E-011  2.55458965322454189E-010

   28.148115408270641       2.20787418407762215E-010  1.32742568950079665E-011  2.07513161512754242E-010

   30.003632898794471       1.79467836746960397E-010  1.07852816074773371E-011  1.68682555139483060E-010

   31.981465688502709       1.45941422084594258E-010  8.76652872291530884E-012  1.37174893361678910E-010

   34.089676774640580       1.18204593904473091E-010  7.09786056162563105E-012  1.11106733342847480E-010

   36.336860665433640       9.54600738586678719E-011  5.72994145916976172E-012  8.97301323994981167E-011

   38.732178417173017       7.70335503265881460E-011  4.62198850476403458E-012  7.24115618218241155E-011

   41.285394980937618       6.23964929051298515E-011  3.74252792605339615E-012  5.86539649790764602E-011

   44.006919011203777       5.02368678088832224E-011  3.01232793359125694E-012  4.72245398752919662E-011

   46.907845298629816       4.02755435571485044E-011  2.41436390695936055E-012  3.78611796501891463E-011

   49.999999999999964       3.22096999013400543E-011  1.93023287281679772E-012  3.02794670285232558E-011

