               #Plep, GeV                       H                        O H 2 O 1                  
  8.99999999999999828E-002  1.75587853762667533E-007   0.0000000000000000       1.75587853762667533E-007

  9.59327799294895645E-002  7.12605508965993362E-007   0.0000000000000000       7.12605508965993362E-007

  0.10225664738888753       1.04969722798761298E-006   0.0000000000000000       1.04969722798761298E-006

  0.10899738278095070       1.29958155765057925E-006   0.0000000000000000       1.29958155765057925E-006

  0.11618246594683646       1.59611698237258273E-006   0.0000000000000000       1.59611698237258273E-006

  0.12384118819270311       1.93568703309277110E-006   0.0000000000000000       1.93568703309277110E-006

  0.13200477170107877       2.30659954130325007E-006   0.0000000000000000       2.30659954130325007E-006

  0.14070649681380115       2.69295708423341227E-006   0.0000000000000000       2.69295708423341227E-006

  0.14998183770542015       3.08299771189817703E-006   0.0000000000000000       3.08299771189817703E-006

  0.15986860700016103       3.46453866907882024E-006   0.0000000000000000       3.46453866907882024E-006

  0.17040710992200564       3.82090282526749777E-006   0.0000000000000000       3.82090282526749777E-006

  0.18164030860631231       4.13252890448427802E-006   0.0000000000000000       4.13252890448427802E-006

  0.19361399724282147       4.38333940559159463E-006   0.0000000000000000       4.38333940559159463E-006

  0.20637698876404884       4.56520325097983212E-006   0.0000000000000000       4.56520325097983212E-006

  0.21998131384013603       4.67323423913187520E-006   0.0000000000000000       4.67323423913187520E-006

  0.23448243299139723       4.70479683986614996E-006   0.0000000000000000       4.70479683986614996E-006

  0.24993946268327771       4.66083006258570328E-006   0.0000000000000000       4.66083006258570328E-006

  0.26641541632544175       4.54630247038205490E-006   0.0000000000000000       4.54630247038205490E-006

  0.28397746115746608       4.36939676318439087E-006   0.0000000000000000       4.36939676318439087E-006

  0.30269719206838192       4.14176509913704529E-006   0.0000000000000000       4.14176509913704529E-006

  0.32265092346633911       3.87741161082883011E-006   0.0000000000000000       3.87741161082883011E-006

  0.34392000038825443       3.59083722838957410E-006   0.0000000000000000       3.59083722838957410E-006

  0.36659113011773764       3.29557147978049537E-006   0.0000000000000000       3.29557147978049537E-006

  0.39075673566319785       3.00271467327948766E-006   0.0000000000000000       3.00271467327948766E-006

  0.41651533253714768       2.72028777374995200E-006   0.0000000000000000       2.72028777374995200E-006

  0.44397193037271510       2.45320721789900509E-006   0.0000000000000000       2.45320721789900509E-006

  0.47323846101462608       2.20385016223816029E-006   0.0000000000000000       2.20385016223816029E-006

  0.50443423482984961       1.97305174593279290E-006   0.0000000000000000       1.97305174593279290E-006

  0.53768642709813808       1.76090441808174364E-006   0.0000000000000000       1.76090441808174364E-006

  0.57313059646532472       1.56699345041333847E-006   0.0000000000000000       1.56699345041333847E-006

  0.61091123757294552       1.39077694706452634E-006   0.0000000000000000       1.39077694706452634E-006

  0.65118237011708346       1.23144394212227802E-006   0.0000000000000000       1.23144394212227802E-006

  0.69410816673784004       1.08799510359502489E-006   0.0000000000000000       1.08799510359502489E-006

  0.73986362229914082       9.59258443275457012E-007   0.0000000000000000       9.59258443275457012E-007

  0.78863526728731637       8.43979315353474175E-007   0.0000000000000000       8.43979315353474175E-007

  0.84062192823675908       7.40961764214057698E-007   0.0000000000000000       7.40961764214057698E-007

  0.89603553828266880       6.49076834487610176E-007   0.0000000000000000       6.49076834487610176E-007

  0.95510200114525567       5.67401653013807086E-007   0.0000000000000000       5.67401653013807086E-007

   1.0180621120675879       4.95045941681726337E-007   0.0000000000000000       4.95045941681726337E-007

   1.0851725394614586       4.31090984200124928E-007   0.0000000000000000       4.31090984200124928E-007

   1.1567068712631274       3.74617061319652693E-007   0.0000000000000000       3.74617061319652693E-007

   1.2329567302646005       3.24923474077760989E-007   0.0000000000000000       3.24923474077760989E-007

   1.3142329629672995       2.81318691095546425E-007   0.0000000000000000       2.81318691095546425E-007

   1.4008669068046999       2.43120225092316524E-007   0.0000000000000000       2.43120225092316524E-007

   1.4932117409000008       2.09684397575104876E-007   0.0000000000000000       2.09684397575104876E-007

   1.5916439258654420       1.80426165486420734E-007   0.0000000000000000       1.80426165486420734E-007

   1.6965647385128699       1.54882579628260013E-007   0.0000000000000000       1.54882579628260013E-007

   1.8084019077320799       1.32659733184445960E-007   0.0000000000000000       1.32659733184445960E-007

   1.9276113582058971       1.13404328931199606E-007   0.0000000000000000       1.13404328931199606E-007

   2.0546790690705650       9.67296396620732520E-008   0.0000000000000000       9.67296396620732520E-008

   2.1901230550986117       8.23334223277995890E-008   0.0000000000000000       8.23334223277995890E-008

   2.3344954784808496       6.99054361886733825E-008   0.0000000000000000       6.99054361886733825E-008

   2.4883848998165763       5.92388938008564507E-008   0.0000000000000000       5.92388938008564507E-008

   2.6524186774885399       5.01187519139676252E-008   0.0000000000000000       5.01187519139676252E-008

   2.8272655252041767       4.23389364627207374E-008   0.0000000000000000       4.23389364627207374E-008

   3.0136382381293898       3.56956417816200525E-008   0.0000000000000000       3.56956417816200525E-008

   3.2122965987284609       3.00158625593101996E-008   0.0000000000000000       3.00158625593101996E-008

   3.4240504741562816       2.51691568028577922E-008   0.0000000000000000       2.51691568028577922E-008

   3.6497631178299894       2.10664001441743878E-008   0.0000000000000000       2.10664001441743878E-008

   3.8903546886394671       1.76194799952841056E-008   0.0000000000000000       1.76194799952841056E-008

   4.1468060021434221       1.47060453181641491E-008   0.0000000000000000       1.47060453181641491E-008

   4.4201625290434601       1.22542805852050808E-008   0.0000000000000000       1.22542805852050808E-008

   4.7115386572366935       1.01901502526051355E-008   0.0000000000000000       1.01901502526051355E-008

   5.0221222348218948       8.46288970874833726E-009   0.0000000000000000       8.46288970874833726E-009

   5.3531794125796139       7.01318943768968439E-009   0.0000000000000000       7.01318943768968439E-009

   5.7060598056674943       5.80276768567648375E-009   0.0000000000000000       5.80276768567648375E-009

   6.0822019955733984       4.79215117099353561E-009   0.0000000000000000       4.79215117099353561E-009

   6.4831393947560576       3.95276633784310838E-009   0.0000000000000000       3.95276633784310838E-009

   6.9105064978815243       3.25826936806792741E-009   0.0000000000000000       3.25826936806792741E-009

   7.3660455451397340       2.68010833494495019E-009   0.0000000000000000       2.68010833494495019E-009

   7.8516136248054123       2.19975334667467336E-009   0.0000000000000000       2.19975334667467336E-009

   8.3691902439982169       1.80093270829118297E-009   0.0000000000000000       1.80093270829118297E-009

   8.9208853985056926       1.47375444847859480E-009   0.0000000000000000       1.47375444847859480E-009

   9.5089481745671502       1.20482688356540344E-009   0.0000000000000000       1.20482688356540344E-009

   10.135775917685249       9.85676680252022854E-010   0.0000000000000000       9.85676680252022854E-010

   10.803924005843543       8.04293137650271718E-010   0.0000000000000000       8.04293137650271718E-010

   11.516116266972423       6.55627054203358535E-010   0.0000000000000000       6.55627054203358535E-010

   12.275256083132007       5.34037714015434115E-010   0.0000000000000000       5.34037714015434115E-010

   13.084438226680346       4.34767168208786599E-010   0.0000000000000000       4.34767168208786599E-010

   13.946961476679185       3.53368838547335180E-010   0.0000000000000000       3.53368838547335180E-010

   14.866342066970370       2.86789370886264092E-010   0.0000000000000000       2.86789370886264092E-010

   15.846328020746466       2.32860060444890788E-010   0.0000000000000000       2.32860060444890788E-010

   16.890914430053055       1.88728074910677739E-010   0.0000000000000000       1.88728074910677739E-010

   18.004359742512442       1.52967729553811395E-010   0.0000000000000000       1.52967729553811395E-010

   19.191203121664532       1.23717009225717413E-010   0.0000000000000000       1.23717009225717413E-010

   20.456282951697524       1.00125861169991926E-010   0.0000000000000000       1.00125861169991926E-010

   21.804756562006311       8.09066142879452727E-011   0.0000000000000000       8.09066142879452727E-011

   23.242121251989396       6.54173449767902209E-011   0.0000000000000000       6.54173449767902209E-011

   24.774236701795683       5.27867518536415173E-011   0.0000000000000000       5.27867518536415173E-011

   26.407348860382768       4.26021489566584049E-011   0.0000000000000000       4.26021489566584049E-011

   28.148115408270641       3.44497681170838386E-011   0.0000000000000000       3.44497681170838386E-011

   30.003632898794471       2.78812934289185656E-011   0.0000000000000000       2.78812934289185656E-011

   31.981465688502709       2.25940046869104754E-011   0.0000000000000000       2.25940046869104754E-011

   34.089676774640580       1.82299730585775983E-011   0.0000000000000000       1.82299730585775983E-011

   36.336860665433640       1.46490320208099281E-011   0.0000000000000000       1.46490320208099281E-011

   38.732178417173017       1.17589472949703264E-011   0.0000000000000000       1.17589472949703264E-011

   41.285394980937618       9.47710406148731848E-012   0.0000000000000000       9.47710406148731848E-012

   44.006919011203777       7.60164035384078226E-012   0.0000000000000000       7.60164035384078226E-012

   46.907845298629816       6.08064250715198862E-012   0.0000000000000000       6.08064250715198862E-012

   49.999999999999964       4.85349763609122066E-012   0.0000000000000000       4.85349763609122066E-012

